Исходные данные варианта 	15

Матрица А 
32	33	32	37	38
34	31	30	33	32
33	38	33	35	36
32	33	40	34	33
37	38	37	36	30

Матрица B 
192
174
210
218
189

Транспонированная матрица A 
32	34	33	32	37
33	31	38	33	38
32	30	33	40	37
37	33	35	34	36
38	32	36	33	30

Транспонированная матрица B 
192	174	210	218	189

Обратная матрица A 
-1.64397e-01	2.57168e-01	6.14376e-04	3.58386e-03	-7.07557e-02
-5.31777e-02	-9.77541e-02	1.53526e-01	-4.88771e-02	4.11632e-02
-4.83139e-02	-1.66052e-02	-1.80900e-02	1.16697e-01	-2.77493e-02
3.45006e-01	-2.43839e-01	-2.39948e-01	-1.21920e-01	2.45136e-01
-8.43061e-02	1.19735e-01	1.15025e-01	5.98676e-02	-1.91481e-01

Проверка обратной матрицы A 
1.000e+00	-1.971e-15	-1.332e-15	-9.853e-16	3.830e-15
-8.882e-16	1.000e+00	-1.332e-15	0.000e+00	2.665e-15
-2.998e-15	-2.776e-16	1.000e+00	-1.388e-16	2.554e-15
3.608e-16	-2.179e-15	-6.661e-16	1.000e+00	3.747e-15
-1.610e-15	-1.416e-15	-8.882e-16	-2.637e-16	1.000e+00

Проверка матрицы A на ортогональность =[0] 
32.164		33.743		32.999		31.996		37.071
33.053		31.098		37.846		33.049		37.959
32.048		30.017		33.018		39.883		37.028
36.655		33.244		35.240		34.122		35.755
38.084		31.880		35.885		32.940		30.191

Матрица нормированных коэфф. С=Норм(Bt) 
0.409	  0	0.818	  1	0.341

Результат умнож. матриц Fcb=С*B= 	532.795455

Продолжаем вывод результатов модифицируя пример . . . 

k= 	10.000000

w= 	1.000000

